111        24         2          2016       Bmw            M2        
114        22         172        2014       Bmw            4         
146        10         111        2007       Bmw            328i      
152        8          28         1995       Bmw            318xi     
111        24         2          2016       Bmw            M2        
114        22         172        2014       Bmw            4         
146        10         111        2007       Bmw            328i      
152        8          28         1995       Bmw            318xi     
111        24         2          2016       Bmw            M2        
114        22         172        2014       Bmw            4         
146        10         111        2007       Bmw            328i      
152        8          28         1995       Bmw            318xi     
111        24         2          2016       Bmw            M2        
114        22         172        2014       Bmw            4         
146        10         111        2007       Bmw            328i      
152        8          28         1995       Bmw            318xi     
111        24         2          2016       Bmw            M2        
114        22         172        2014       Bmw            4         
146        10         111        2007       Bmw            328i      
152        8          28         1995       Bmw            318xi     
111        24         2          2016       Bmw            M2        
114        22         172        2014       Bmw            4         
146        10         111        2007       Bmw            328i      
152        8          28         1995       Bmw            318xi     
111        24         2          2016       Bmw            M2        
114        22         172        2014       Bmw            4         
146        10         111        2007       Bmw            328i      
152        8          28         1995       Bmw            318xi     
